L -748.0, 153.0, 390.0, -737.0, 215.0, 390.0, 0, 0, 0
L -737.0, 215.0, 390.0, -713.0, 262.0, 390.0, 0, 0, 0
L -713.0, 262.0, 390.0, -698.0, 329.0, 390.0, 0, 0, 0
L -698.0, 329.0, 390.0, -757.0, 387.0, 390.0, 0, 0, 0
L -757.0, 387.0, 390.0, -804.0, 391.0, 390.0, 0, 0, 0
L -804.0, 391.0, 390.0, -865.0, 384.0, 390.0, 0, 0, 0
L -865.0, 384.0, 390.0, -913.0, 393.0, 390.0, 0, 0, 0
L -913.0, 393.0, 390.0, -957.0, 390.0, 390.0, 0, 0, 0
L -957.0, 390.0, 390.0, -1020.0, 327.0, 390.0, 0, 0, 0
L -1020.0, 327.0, 390.0, -1006.0, 265.0, 390.0, 0, 0, 0
L -1006.0, 265.0, 390.0, -983.0, 218.0, 390.0, 0, 0, 0
L -983.0, 218.0, 390.0, -985.0, 173.0, 390.0, 0, 0, 0
L -985.0, 173.0, 390.0, -971.0, 130.0, 390.0, 0, 0, 0
L -971.0, 130.0, 390.0, -974.0, 79.0, 390.0, 0, 0, 0
L -974.0, 79.0, 390.0, -972.0, 26.0, 390.0, 0, 0, 0
L -972.0, 26.0, 390.0, -909.0, -38.0, 390.0, 0, 0, 0
L -909.0, -38.0, 390.0, -831.0, -56.0, 390.0, 0, 0, 0
L -831.0, -56.0, 390.0, -765.0, -53.0, 390.0, 0, 0, 0
L -765.0, -53.0, 390.0, -703.0, 7.0, 390.0, 0, 0, 0
L -703.0, 7.0, 390.0, -700.0, 52.0, 390.0, 0, 0, 0
L -700.0, 52.0, 390.0, -731.0, 108.0, 390.0, 0, 0, 0
L -731.0, 108.0, 390.0, -748.0, 153.0, 390.0, 0, 0, 0
L -898.0, -1036.0, 490.0, -835.0, -1036.0, 490.0, 0, 0, 0
L -835.0, -1036.0, 490.0, -808.0, -1055.0, 490.0, 0, 0, 0
L -808.0, -1055.0, 490.0, -796.0, -1067.0, 490.0, 0, 0, 0
L -796.0, -1067.0, 490.0, -780.0, -1065.0, 490.0, 0, 0, 0
L -780.0, -1065.0, 490.0, -765.0, -1061.0, 490.0, 0, 0, 0
L -765.0, -1061.0, 490.0, -753.0, -1057.0, 490.0, 0, 0, 0
L -753.0, -1057.0, 490.0, -724.0, -1028.0, 490.0, 0, 0, 0
L -724.0, -1028.0, 490.0, -720.0, -1016.0, 490.0, 0, 0, 0
L -720.0, -1016.0, 490.0, -716.0, -990.0, 490.0, 0, 0, 0
L -716.0, -990.0, 490.0, -689.0, -963.0, 490.0, 0, 0, 0
L -689.0, -963.0, 490.0, -682.0, -927.0, 490.0, 0, 0, 0
L -682.0, -927.0, 490.0, -667.0, -901.0, 490.0, 0, 0, 0
L -667.0, -901.0, 490.0, -674.0, -871.0, 490.0, 0, 0, 0
L -674.0, -871.0, 490.0, -666.0, -832.0, 490.0, 0, 0, 0
L -666.0, -832.0, 490.0, -638.0, -803.0, 490.0, 0, 0, 0
L -638.0, -803.0, 490.0, -609.0, -726.0, 490.0, 0, 0, 0
L -609.0, -726.0, 490.0, -609.0, -708.0, 490.0, 0, 0, 0
L -609.0, -708.0, 490.0, -598.0, -685.0, 490.0, 0, 0, 0
L -598.0, -685.0, 490.0, -589.0, -678.0, 490.0, 0, 0, 0
L -589.0, -678.0, 490.0, -565.0, -675.0, 490.0, 0, 0, 0
L -565.0, -675.0, 490.0, -544.0, -680.0, 490.0, 0, 0, 0
L -544.0, -680.0, 490.0, -526.0, -681.0, 490.0, 0, 0, 0
L -526.0, -681.0, 490.0, -507.0, -654.0, 490.0, 0, 0, 0
L -507.0, -654.0, 490.0, -472.0, -651.0, 490.0, 0, 0, 0
L -472.0, -651.0, 490.0, -470.0, -678.0, 490.0, 0, 0, 0
L -470.0, -678.0, 490.0, -472.0, -690.0, 490.0, 0, 0, 0
L -472.0, -690.0, 490.0, -459.0, -691.0, 490.0, 0, 0, 0
L -459.0, -691.0, 490.0, -461.0, -654.0, 490.0, 0, 0, 0
L -461.0, -654.0, 490.0, -461.0, -651.0, 490.0, 0, 0, 0
L -461.0, -651.0, 490.0, -437.0, -653.0, 490.0, 0, 0, 0
L -437.0, -653.0, 490.0, -425.0, -659.0, 490.0, 0, 0, 0
L -425.0, -659.0, 490.0, -407.0, -669.0, 490.0, 0, 0, 0
L -407.0, -669.0, 490.0, -375.0, -663.0, 490.0, 0, 0, 0
L -375.0, -663.0, 490.0, -344.0, -666.0, 490.0, 0, 0, 0
L -344.0, -666.0, 490.0, -311.0, -636.0, 490.0, 0, 0, 0
L -311.0, -636.0, 490.0, -314.0, -613.0, 490.0, 0, 0, 0
L -314.0, -613.0, 490.0, -290.0, -584.0, 490.0, 0, 0, 0
L -290.0, -584.0, 490.0, -288.0, -560.0, 490.0, 0, 0, 0
L -288.0, -560.0, 490.0, -278.0, -542.0, 490.0, 0, 0, 0
L -278.0, -542.0, 490.0, -266.0, -534.0, 490.0, 0, 0, 0
L -266.0, -534.0, 490.0, -243.0, -531.0, 490.0, 0, 0, 0
L -243.0, -531.0, 490.0, -218.0, -538.0, 490.0, 0, 0, 0
L -218.0, -538.0, 490.0, -185.0, -510.0, 490.0, 0, 0, 0
L -185.0, -510.0, 490.0, -165.0, -507.0, 490.0, 0, 0, 0
L -165.0, -507.0, 490.0, -138.0, -507.0, 490.0, 0, 0, 0
L -138.0, -507.0, 490.0, -109.0, -504.0, 490.0, 0, 0, 0
L -109.0, -504.0, 490.0, -94.0, -513.0, 490.0, 0, 0, 0
L -94.0, -513.0, 490.0, -96.0, -556.0, 490.0, 0, 0, 0
L -96.0, -556.0, 490.0, -83.0, -554.0, 490.0, 0, 0, 0
L -83.0, -554.0, 490.0, -85.0, -520.0, 490.0, 0, 0, 0
L -85.0, -520.0, 490.0, -85.0, -517.0, 490.0, 0, 0, 0
L -85.0, -517.0, 490.0, -46.0, -514.0, 490.0, 0, 0, 0
L -46.0, -514.0, 490.0, -25.0, -522.0, 490.0, 0, 0, 0
L -25.0, -522.0, 490.0, -5.0, -532.0, 490.0, 0, 0, 0
L -5.0, -532.0, 490.0, 26.0, -525.0, 490.0, 0, 0, 0
L 26.0, -525.0, 490.0, 52.0, -530.0, 490.0, 0, 0, 0
L 52.0, -530.0, 490.0, 62.0, -542.0, 490.0, 0, 0, 0
L 62.0, -542.0, 490.0, 70.0, -560.0, 490.0, 0, 0, 0
L 70.0, -560.0, 490.0, 65.0, -575.0, 490.0, 0, 0, 0
L 65.0, -575.0, 490.0, 70.0, -597.0, 490.0, 0, 0, 0
L 70.0, -597.0, 490.0, 59.0, -618.0, 490.0, 0, 0, 0
L 59.0, -618.0, 490.0, 42.0, -627.0, 490.0, 0, 0, 0
L 42.0, -627.0, 490.0, 21.0, -628.0, 490.0, 0, 0, 0
L 21.0, -628.0, 490.0, -1.0, -622.0, 490.0, 0, 0, 0
L -1.0, -622.0, 490.0, -27.0, -631.0, 490.0, 0, 0, 0
L -27.0, -631.0, 490.0, -59.0, -627.0, 490.0, 0, 0, 0
L -59.0, -627.0, 490.0, -85.0, -627.0, 490.0, 0, 0, 0
L -85.0, -627.0, 490.0, -85.0, -620.0, 490.0, 0, 0, 0
L -85.0, -620.0, 490.0, -83.0, -591.0, 490.0, 0, 0, 0
L -83.0, -591.0, 490.0, -96.0, -595.0, 490.0, 0, 0, 0
L -96.0, -595.0, 490.0, -94.0, -624.0, 490.0, 0, 0, 0
L -94.0, -624.0, 490.0, -94.0, -627.0, 490.0, 0, 0, 0
L -94.0, -627.0, 490.0, -117.0, -627.0, 490.0, 0, 0, 0
L -117.0, -627.0, 490.0, -138.0, -633.0, 490.0, 0, 0, 0
L -138.0, -633.0, 490.0, -177.0, -639.0, 490.0, 0, 0, 0
L -177.0, -639.0, 490.0, -211.0, -671.0, 490.0, 0, 0, 0
L -211.0, -671.0, 490.0, -222.0, -690.0, 490.0, 0, 0, 0
L -222.0, -690.0, 490.0, -231.0, -711.0, 490.0, 0, 0, 0
L -231.0, -711.0, 490.0, -224.0, -743.0, 490.0, 0, 0, 0
L -224.0, -743.0, 490.0, -210.0, -766.0, 490.0, 0, 0, 0
L -210.0, -766.0, 490.0, -182.0, -794.0, 490.0, 0, 0, 0
L -182.0, -794.0, 490.0, -162.0, -799.0, 490.0, 0, 0, 0
L -162.0, -799.0, 490.0, -142.0, -803.0, 490.0, 0, 0, 0
L -142.0, -803.0, 490.0, -125.0, -813.0, 490.0, 0, 0, 0
L -125.0, -813.0, 490.0, -94.0, -810.0, 490.0, 0, 0, 0
L -94.0, -810.0, 490.0, -94.0, -809.0, 490.0, 0, 0, 0
L -94.0, -809.0, 490.0, -94.0, -822.0, 490.0, 0, 0, 0
L -94.0, -822.0, 490.0, -96.0, -850.0, 490.0, 0, 0, 0
L -96.0, -850.0, 490.0, -83.0, -847.0, 490.0, 0, 0, 0
L -83.0, -847.0, 490.0, -85.0, -816.0, 490.0, 0, 0, 0
L -85.0, -816.0, 490.0, -85.0, -810.0, 490.0, 0, 0, 0
L -85.0, -810.0, 490.0, -54.0, -810.0, 490.0, 0, 0, 0
L -54.0, -810.0, 490.0, -38.0, -807.0, 490.0, 0, 0, 0
L -38.0, -807.0, 490.0, -25.0, -805.0, 490.0, 0, 0, 0
L -25.0, -805.0, 490.0, -16.0, -808.0, 490.0, 0, 0, 0
L -16.0, -808.0, 490.0, -2.0, -814.0, 490.0, 0, 0, 0
L -2.0, -814.0, 490.0, 26.0, -807.0, 490.0, 0, 0, 0
L 26.0, -807.0, 490.0, 51.0, -810.0, 490.0, 0, 0, 0
L 51.0, -810.0, 490.0, 70.0, -841.0, 490.0, 0, 0, 0
L 70.0, -841.0, 490.0, 65.0, -857.0, 490.0, 0, 0, 0
L 65.0, -857.0, 490.0, 70.0, -878.0, 490.0, 0, 0, 0
L 70.0, -878.0, 490.0, 60.0, -899.0, 490.0, 0, 0, 0
L 60.0, -899.0, 490.0, 50.0, -908.0, 490.0, 0, 0, 0
L 50.0, -908.0, 490.0, 22.0, -911.0, 490.0, 0, 0, 0
L 22.0, -911.0, 490.0, -1.0, -904.0, 490.0, 0, 0, 0
L -1.0, -904.0, 490.0, -25.0, -914.0, 490.0, 0, 0, 0
L -25.0, -914.0, 490.0, -54.0, -917.0, 490.0, 0, 0, 0
L -54.0, -917.0, 490.0, -85.0, -925.0, 490.0, 0, 0, 0
L -85.0, -925.0, 490.0, -85.0, -914.0, 490.0, 0, 0, 0
L -85.0, -914.0, 490.0, -83.0, -886.0, 490.0, 0, 0, 0
L -83.0, -886.0, 490.0, -96.0, -885.0, 490.0, 0, 0, 0
L -96.0, -885.0, 490.0, -94.0, -913.0, 490.0, 0, 0, 0
L -94.0, -913.0, 490.0, -94.0, -924.0, 490.0, 0, 0, 0
L -94.0, -924.0, 490.0, -146.0, -929.0, 490.0, 0, 0, 0
L -146.0, -929.0, 490.0, -159.0, -929.0, 490.0, 0, 0, 0
L -159.0, -929.0, 490.0, -177.0, -928.0, 490.0, 0, 0, 0
L -177.0, -928.0, 490.0, -193.0, -920.0, 490.0, 0, 0, 0
L -193.0, -920.0, 490.0, -209.0, -904.0, 490.0, 0, 0, 0
L -209.0, -904.0, 490.0, -228.0, -897.0, 490.0, 0, 0, 0
L -228.0, -897.0, 490.0, -249.0, -905.0, 490.0, 0, 0, 0
L -249.0, -905.0, 490.0, -271.0, -901.0, 490.0, 0, 0, 0
L -271.0, -901.0, 490.0, -282.0, -888.0, 490.0, 0, 0, 0
L -282.0, -888.0, 490.0, -290.0, -868.0, 490.0, 0, 0, 0
L -290.0, -868.0, 490.0, -290.0, -851.0, 490.0, 0, 0, 0
L -290.0, -851.0, 490.0, -313.0, -824.0, 490.0, 0, 0, 0
L -313.0, -824.0, 490.0, -309.0, -805.0, 490.0, 0, 0, 0
L -309.0, -805.0, 490.0, -341.0, -770.0, 490.0, 0, 0, 0
L -341.0, -770.0, 490.0, -375.0, -773.0, 490.0, 0, 0, 0
L -375.0, -773.0, 490.0, -405.0, -769.0, 490.0, 0, 0, 0
L -405.0, -769.0, 490.0, -431.0, -771.0, 490.0, 0, 0, 0
L -431.0, -771.0, 490.0, -453.0, -765.0, 490.0, 0, 0, 0
L -453.0, -765.0, 490.0, -461.0, -766.0, 490.0, 0, 0, 0
L -461.0, -766.0, 490.0, -461.0, -739.0, 490.0, 0, 0, 0
L -461.0, -739.0, 490.0, -459.0, -724.0, 490.0, 0, 0, 0
L -459.0, -724.0, 490.0, -472.0, -728.0, 490.0, 0, 0, 0
L -472.0, -728.0, 490.0, -470.0, -756.0, 490.0, 0, 0, 0
L -470.0, -756.0, 490.0, -470.0, -772.0, 490.0, 0, 0, 0
L -470.0, -772.0, 490.0, -487.0, -781.0, 490.0, 0, 0, 0
L -487.0, -781.0, 490.0, -517.0, -786.0, 490.0, 0, 0, 0
L -517.0, -786.0, 490.0, -549.0, -817.0, 490.0, 0, 0, 0
L -549.0, -817.0, 490.0, -561.0, -837.0, 490.0, 0, 0, 0
L -561.0, -837.0, 490.0, -565.0, -864.0, 490.0, 0, 0, 0
L -565.0, -864.0, 490.0, -572.0, -878.0, 490.0, 0, 0, 0
L -572.0, -878.0, 490.0, -563.0, -912.0, 490.0, 0, 0, 0
L -563.0, -912.0, 490.0, -574.0, -946.0, 490.0, 0, 0, 0
L -574.0, -946.0, 490.0, -561.0, -984.0, 490.0, 0, 0, 0
L -561.0, -984.0, 490.0, -561.0, -1005.0, 490.0, 0, 0, 0
L -561.0, -1005.0, 490.0, -549.0, -1027.0, 490.0, 0, 0, 0
L -549.0, -1027.0, 490.0, -517.0, -1059.0, 490.0, 0, 0, 0
L -517.0, -1059.0, 490.0, -490.0, -1046.0, 490.0, 0, 0, 0
L -490.0, -1046.0, 490.0, -470.0, -1043.0, 490.0, 0, 0, 0
L -470.0, -1043.0, 490.0, -470.0, -1061.0, 490.0, 0, 0, 0
L -470.0, -1061.0, 490.0, -472.0, -1093.0, 490.0, 0, 0, 0
L -472.0, -1093.0, 490.0, -459.0, -1088.0, 490.0, 0, 0, 0
L -459.0, -1088.0, 490.0, -461.0, -1058.0, 490.0, 0, 0, 0
L -461.0, -1058.0, 490.0, -461.0, -1043.0, 490.0, 0, 0, 0
L -461.0, -1043.0, 490.0, -448.0, -1039.0, 490.0, 0, 0, 0
L -448.0, -1039.0, 490.0, -433.0, -1035.0, 490.0, 0, 0, 0
L -433.0, -1035.0, 490.0, -420.0, -1049.0, 490.0, 0, 0, 0
L -420.0, -1049.0, 490.0, -406.0, -1065.0, 490.0, 0, 0, 0
L -406.0, -1065.0, 490.0, -377.0, -1064.0, 490.0, 0, 0, 0
L -377.0, -1064.0, 490.0, -355.0, -1067.0, 490.0, 0, 0, 0
L -355.0, -1067.0, 490.0, -331.0, -1078.0, 490.0, 0, 0, 0
L -331.0, -1078.0, 490.0, -304.0, -1073.0, 490.0, 0, 0, 0
L -304.0, -1073.0, 490.0, -274.0, -1075.0, 490.0, 0, 0, 0
L -274.0, -1075.0, 490.0, -252.0, -1081.0, 490.0, 0, 0, 0
L -252.0, -1081.0, 490.0, -225.0, -1065.0, 490.0, 0, 0, 0
L -225.0, -1065.0, 490.0, -199.0, -1055.0, 490.0, 0, 0, 0
L -199.0, -1055.0, 490.0, -183.0, -1054.0, 490.0, 0, 0, 0
L -183.0, -1054.0, 490.0, -168.0, -1063.0, 490.0, 0, 0, 0
L -168.0, -1063.0, 490.0, -138.0, -1058.0, 490.0, 0, 0, 0
L -138.0, -1058.0, 490.0, -117.0, -1042.0, 490.0, 0, 0, 0
L -117.0, -1042.0, 490.0, -94.0, -1038.0, 490.0, 0, 0, 0
L -94.0, -1038.0, 490.0, -94.0, -1079.0, 490.0, 0, 0, 0
L -94.0, -1079.0, 490.0, -96.0, -1092.0, 490.0, 0, 0, 0
L -96.0, -1092.0, 490.0, -83.0, -1091.0, 490.0, 0, 0, 0
L -83.0, -1091.0, 490.0, -85.0, -1042.0, 490.0, 0, 0, 0
L -85.0, -1042.0, 490.0, -85.0, -1038.0, 490.0, 0, 0, 0
L -85.0, -1038.0, 490.0, -54.0, -1060.0, 490.0, 0, 0, 0
L -54.0, -1060.0, 490.0, -24.0, -1073.0, 490.0, 0, 0, 0
L -24.0, -1073.0, 490.0, 2.0, -1063.0, 490.0, 0, 0, 0
L 2.0, -1063.0, 490.0, 32.0, -1066.0, 490.0, 0, 0, 0
L 32.0, -1066.0, 490.0, 45.0, -1086.0, 490.0, 0, 0, 0
L 45.0, -1086.0, 490.0, 50.0, -1097.0, 490.0, 0, 0, 0
L 50.0, -1097.0, 490.0, 45.0, -1114.0, 490.0, 0, 0, 0
L 45.0, -1114.0, 490.0, 47.0, -1139.0, 490.0, 0, 0, 0
L 47.0, -1139.0, 490.0, 38.0, -1157.0, 490.0, 0, 0, 0
L 38.0, -1157.0, 490.0, 29.0, -1163.0, 490.0, 0, 0, 0
L 29.0, -1163.0, 490.0, 8.0, -1166.0, 490.0, 0, 0, 0
L 8.0, -1166.0, 490.0, -23.0, -1150.0, 490.0, 0, 0, 0
L -23.0, -1150.0, 490.0, -56.0, -1154.0, 490.0, 0, 0, 0
L -56.0, -1154.0, 490.0, -85.0, -1170.0, 490.0, 0, 0, 0
L -85.0, -1170.0, 490.0, -85.0, -1155.0, 490.0, 0, 0, 0
L -85.0, -1155.0, 490.0, -83.0, -1126.0, 490.0, 0, 0, 0
L -83.0, -1126.0, 490.0, -96.0, -1130.0, 490.0, 0, 0, 0
L -96.0, -1130.0, 490.0, -94.0, -1162.0, 490.0, 0, 0, 0
L -94.0, -1162.0, 490.0, -94.0, -1170.0, 490.0, 0, 0, 0
L -94.0, -1170.0, 490.0, -108.0, -1165.0, 490.0, 0, 0, 0
L -108.0, -1165.0, 490.0, -120.0, -1153.0, 490.0, 0, 0, 0
L -120.0, -1153.0, 490.0, -150.0, -1141.0, 490.0, 0, 0, 0
L -150.0, -1141.0, 490.0, -191.0, -1144.0, 490.0, 0, 0, 0
L -191.0, -1144.0, 490.0, -212.0, -1136.0, 490.0, 0, 0, 0
L -212.0, -1136.0, 490.0, -248.0, -1142.0, 490.0, 0, 0, 0
L -248.0, -1142.0, 490.0, -272.0, -1138.0, 490.0, 0, 0, 0
L -272.0, -1138.0, 490.0, -301.0, -1142.0, 490.0, 0, 0, 0
L -301.0, -1142.0, 490.0, -325.0, -1135.0, 490.0, 0, 0, 0
L -325.0, -1135.0, 490.0, -360.0, -1163.0, 490.0, 0, 0, 0
L -360.0, -1163.0, 490.0, -379.0, -1166.0, 490.0, 0, 0, 0
L -379.0, -1166.0, 490.0, -404.0, -1166.0, 490.0, 0, 0, 0
L -404.0, -1166.0, 490.0, -430.0, -1163.0, 490.0, 0, 0, 0
L -430.0, -1163.0, 490.0, -461.0, -1170.0, 490.0, 0, 0, 0
L -461.0, -1170.0, 490.0, -461.0, -1155.0, 490.0, 0, 0, 0
L -461.0, -1155.0, 490.0, -459.0, -1125.0, 490.0, 0, 0, 0
L -459.0, -1125.0, 490.0, -472.0, -1127.0, 490.0, 0, 0, 0
L -472.0, -1127.0, 490.0, -470.0, -1159.0, 490.0, 0, 0, 0
L -470.0, -1159.0, 490.0, -470.0, -1170.0, 490.0, 0, 0, 0
L -470.0, -1170.0, 490.0, -494.0, -1165.0, 490.0, 0, 0, 0
L -494.0, -1165.0, 490.0, -513.0, -1155.0, 490.0, 0, 0, 0
L -513.0, -1155.0, 490.0, -549.0, -1187.0, 490.0, 0, 0, 0
L -549.0, -1187.0, 490.0, -558.0, -1203.0, 490.0, 0, 0, 0
L -558.0, -1203.0, 490.0, -561.0, -1233.0, 490.0, 0, 0, 0
L -561.0, -1233.0, 490.0, -573.0, -1264.0, 490.0, 0, 0, 0
L -573.0, -1264.0, 490.0, -562.0, -1298.0, 490.0, 0, 0, 0
L -562.0, -1298.0, 490.0, -572.0, -1327.0, 490.0, 0, 0, 0
L -572.0, -1327.0, 490.0, -564.0, -1351.0, 490.0, 0, 0, 0
L -564.0, -1351.0, 490.0, -561.0, -1373.0, 490.0, 0, 0, 0
L -561.0, -1373.0, 490.0, -550.0, -1395.0, 490.0, 0, 0, 0
L -550.0, -1395.0, 490.0, -519.0, -1426.0, 490.0, 0, 0, 0
L -519.0, -1426.0, 490.0, -484.0, -1434.0, 490.0, 0, 0, 0
L -484.0, -1434.0, 490.0, -470.0, -1442.0, 490.0, 0, 0, 0
L -470.0, -1442.0, 490.0, -470.0, -1458.0, 490.0, 0, 0, 0
L -470.0, -1458.0, 490.0, -472.0, -1486.0, 490.0, 0, 0, 0
L -472.0, -1486.0, 490.0, -459.0, -1484.0, 490.0, 0, 0, 0
L -459.0, -1484.0, 490.0, -461.0, -1451.0, 490.0, 0, 0, 0
L -461.0, -1451.0, 490.0, -461.0, -1446.0, 490.0, 0, 0, 0
L -461.0, -1446.0, 490.0, -429.0, -1442.0, 490.0, 0, 0, 0
L -429.0, -1442.0, 490.0, -421.0, -1443.0, 490.0, 0, 0, 0
L -421.0, -1443.0, 490.0, -409.0, -1445.0, 490.0, 0, 0, 0
L -409.0, -1445.0, 490.0, -372.0, -1441.0, 490.0, 0, 0, 0
L -372.0, -1441.0, 490.0, -347.0, -1444.0, 490.0, 0, 0, 0
L -347.0, -1444.0, 490.0, -312.0, -1415.0, 490.0, 0, 0, 0
L -312.0, -1415.0, 490.0, -314.0, -1392.0, 490.0, 0, 0, 0
L -314.0, -1392.0, 490.0, -293.0, -1367.0, 490.0, 0, 0, 0
L -293.0, -1367.0, 490.0, -290.0, -1342.0, 490.0, 0, 0, 0
L -290.0, -1342.0, 490.0, -278.0, -1319.0, 490.0, 0, 0, 0
L -278.0, -1319.0, 490.0, -263.0, -1311.0, 490.0, 0, 0, 0
L -263.0, -1311.0, 490.0, -243.0, -1309.0, 490.0, 0, 0, 0
L -243.0, -1309.0, 490.0, -220.0, -1316.0, 490.0, 0, 0, 0
L -220.0, -1316.0, 490.0, -188.0, -1289.0, 490.0, 0, 0, 0
L -188.0, -1289.0, 490.0, -165.0, -1285.0, 490.0, 0, 0, 0
L -165.0, -1285.0, 490.0, -141.0, -1285.0, 490.0, 0, 0, 0
L -141.0, -1285.0, 490.0, -118.0, -1283.0, 490.0, 0, 0, 0
L -118.0, -1283.0, 490.0, -107.0, -1284.0, 490.0, 0, 0, 0
L -107.0, -1284.0, 490.0, -94.0, -1287.0, 490.0, 0, 0, 0
L -94.0, -1287.0, 490.0, -94.0, -1310.0, 490.0, 0, 0, 0
L -94.0, -1310.0, 490.0, -96.0, -1336.0, 490.0, 0, 0, 0
L -96.0, -1336.0, 490.0, -83.0, -1337.0, 490.0, 0, 0, 0
L -83.0, -1337.0, 490.0, -85.0, -1296.0, 490.0, 0, 0, 0
L -85.0, -1296.0, 490.0, -85.0, -1290.0, 490.0, 0, 0, 0
L -85.0, -1290.0, 490.0, -57.0, -1290.0, 490.0, 0, 0, 0
L -57.0, -1290.0, 490.0, -38.0, -1296.0, 490.0, 0, 0, 0
L -38.0, -1296.0, 490.0, -24.0, -1300.0, 490.0, 0, 0, 0
L -24.0, -1300.0, 490.0, -6.0, -1309.0, 490.0, 0, 0, 0
L -6.0, -1309.0, 490.0, 23.0, -1303.0, 490.0, 0, 0, 0
L 23.0, -1303.0, 490.0, 47.0, -1306.0, 490.0, 0, 0, 0
L 47.0, -1306.0, 490.0, 60.0, -1316.0, 490.0, 0, 0, 0
L 60.0, -1316.0, 490.0, 70.0, -1337.0, 490.0, 0, 0, 0
L 70.0, -1337.0, 490.0, 65.0, -1352.0, 490.0, 0, 0, 0
L 65.0, -1352.0, 490.0, 70.0, -1374.0, 490.0, 0, 0, 0
L 70.0, -1374.0, 490.0, 59.0, -1396.0, 490.0, 0, 0, 0
L 59.0, -1396.0, 490.0, 24.0, -1407.0, 490.0, 0, 0, 0
L 24.0, -1407.0, 490.0, 0.0, -1400.0, 490.0, 0, 0, 0
L 0.0, -1400.0, 490.0, -27.0, -1410.0, 490.0, 0, 0, 0
L -27.0, -1410.0, 490.0, -68.0, -1414.0, 490.0, 0, 0, 0
L -68.0, -1414.0, 490.0, -85.0, -1417.0, 490.0, 0, 0, 0
L -85.0, -1417.0, 490.0, -83.0, -1372.0, 490.0, 0, 0, 0
L -83.0, -1372.0, 490.0, -96.0, -1375.0, 490.0, 0, 0, 0
L -96.0, -1375.0, 490.0, -94.0, -1405.0, 490.0, 0, 0, 0
L -94.0, -1405.0, 490.0, -94.0, -1417.0, 490.0, 0, 0, 0
L -94.0, -1417.0, 490.0, -117.0, -1410.0, 490.0, 0, 0, 0
L -117.0, -1410.0, 490.0, -172.0, -1417.0, 490.0, 0, 0, 0
L -172.0, -1417.0, 490.0, -201.0, -1440.0, 490.0, 0, 0, 0
L -201.0, -1440.0, 490.0, -217.0, -1459.0, 490.0, 0, 0, 0
L -217.0, -1459.0, 490.0, -224.0, -1472.0, 490.0, 0, 0, 0
L -224.0, -1472.0, 490.0, -224.0, -1517.0, 490.0, 0, 0, 0
L -224.0, -1517.0, 490.0, -214.0, -1539.0, 490.0, 0, 0, 0
L -214.0, -1539.0, 490.0, -181.0, -1572.0, 490.0, 0, 0, 0
L -181.0, -1572.0, 490.0, -144.0, -1579.0, 490.0, 0, 0, 0
L -144.0, -1579.0, 490.0, -120.0, -1588.0, 490.0, 0, 0, 0
L -120.0, -1588.0, 490.0, -94.0, -1587.0, 490.0, 0, 0, 0
L -94.0, -1587.0, 490.0, -94.0, -1614.0, 490.0, 0, 0, 0
L -94.0, -1614.0, 490.0, -96.0, -1627.0, 490.0, 0, 0, 0
L -96.0, -1627.0, 490.0, -83.0, -1626.0, 490.0, 0, 0, 0
L -83.0, -1626.0, 490.0, -85.0, -1587.0, 490.0, 0, 0, 0
L -85.0, -1587.0, 490.0, -61.0, -1585.0, 490.0, 0, 0, 0
L -61.0, -1585.0, 490.0, -24.0, -1573.0, 490.0, 0, 0, 0
L -24.0, -1573.0, 490.0, -6.0, -1590.0, 490.0, 0, 0, 0
L -6.0, -1590.0, 490.0, 24.0, -1585.0, 490.0, 0, 0, 0
L 24.0, -1585.0, 490.0, 52.0, -1590.0, 490.0, 0, 0, 0
L 52.0, -1590.0, 490.0, 59.0, -1596.0, 490.0, 0, 0, 0
L 59.0, -1596.0, 490.0, 70.0, -1618.0, 490.0, 0, 0, 0
L 70.0, -1618.0, 490.0, 65.0, -1633.0, 490.0, 0, 0, 0
L 65.0, -1633.0, 490.0, 70.0, -1656.0, 490.0, 0, 0, 0
L 70.0, -1656.0, 490.0, 59.0, -1678.0, 490.0, 0, 0, 0
L 59.0, -1678.0, 490.0, 46.0, -1686.0, 490.0, 0, 0, 0
L 46.0, -1686.0, 490.0, 23.0, -1689.0, 490.0, 0, 0, 0
L 23.0, -1689.0, 490.0, 0.0, -1682.0, 490.0, 0, 0, 0
L 0.0, -1682.0, 490.0, -27.0, -1692.0, 490.0, 0, 0, 0
L -27.0, -1692.0, 490.0, -63.0, -1697.0, 490.0, 0, 0, 0
L -63.0, -1697.0, 490.0, -85.0, -1703.0, 490.0, 0, 0, 0
L -85.0, -1703.0, 490.0, -85.0, -1690.0, 490.0, 0, 0, 0
L -85.0, -1690.0, 490.0, -83.0, -1662.0, 490.0, 0, 0, 0
L -83.0, -1662.0, 490.0, -96.0, -1664.0, 490.0, 0, 0, 0
L -96.0, -1664.0, 490.0, -94.0, -1698.0, 490.0, 0, 0, 0
L -94.0, -1698.0, 490.0, -94.0, -1703.0, 490.0, 0, 0, 0
L -94.0, -1703.0, 490.0, -113.0, -1704.0, 490.0, 0, 0, 0
L -113.0, -1704.0, 490.0, -136.0, -1707.0, 490.0, 0, 0, 0
L -136.0, -1707.0, 490.0, -170.0, -1707.0, 490.0, 0, 0, 0
L -170.0, -1707.0, 490.0, -185.0, -1704.0, 490.0, 0, 0, 0
L -185.0, -1704.0, 490.0, -214.0, -1677.0, 490.0, 0, 0, 0
L -214.0, -1677.0, 490.0, -242.0, -1683.0, 490.0, 0, 0, 0
L -242.0, -1683.0, 490.0, -271.0, -1679.0, 490.0, 0, 0, 0
L -271.0, -1679.0, 490.0, -281.0, -1667.0, 490.0, 0, 0, 0
L -281.0, -1667.0, 490.0, -289.0, -1651.0, 490.0, 0, 0, 0
L -289.0, -1651.0, 490.0, -290.0, -1630.0, 490.0, 0, 0, 0
L -290.0, -1630.0, 490.0, -314.0, -1600.0, 490.0, 0, 0, 0
L -314.0, -1600.0, 490.0, -311.0, -1577.0, 490.0, 0, 0, 0
L -311.0, -1577.0, 490.0, -339.0, -1550.0, 490.0, 0, 0, 0
L -339.0, -1550.0, 490.0, -369.0, -1551.0, 490.0, 0, 0, 0
L -369.0, -1551.0, 490.0, -403.0, -1543.0, 490.0, 0, 0, 0
L -403.0, -1543.0, 490.0, -431.0, -1559.0, 490.0, 0, 0, 0
L -431.0, -1559.0, 490.0, -461.0, -1563.0, 490.0, 0, 0, 0
L -461.0, -1563.0, 490.0, -461.0, -1535.0, 490.0, 0, 0, 0
L -461.0, -1535.0, 490.0, -459.0, -1524.0, 490.0, 0, 0, 0
L -459.0, -1524.0, 490.0, -472.0, -1524.0, 490.0, 0, 0, 0
L -472.0, -1524.0, 490.0, -470.0, -1556.0, 490.0, 0, 0, 0
L -470.0, -1556.0, 490.0, -470.0, -1563.0, 490.0, 0, 0, 0
L -470.0, -1563.0, 490.0, -505.0, -1560.0, 490.0, 0, 0, 0
L -505.0, -1560.0, 490.0, -533.0, -1533.0, 490.0, 0, 0, 0
L -533.0, -1533.0, 490.0, -572.0, -1538.0, 490.0, 0, 0, 0
L -572.0, -1538.0, 490.0, -592.0, -1535.0, 490.0, 0, 0, 0
L -592.0, -1535.0, 490.0, -599.0, -1526.0, 490.0, 0, 0, 0
L -599.0, -1526.0, 490.0, -609.0, -1507.0, 490.0, 0, 0, 0
L -609.0, -1507.0, 490.0, -610.0, -1486.0, 490.0, 0, 0, 0
L -610.0, -1486.0, 490.0, -635.0, -1452.0, 490.0, 0, 0, 0
L -635.0, -1452.0, 490.0, -641.0, -1433.0, 490.0, 0, 0, 0
L -641.0, -1433.0, 490.0, -671.0, -1403.0, 490.0, 0, 0, 0
L -671.0, -1403.0, 490.0, -673.0, -1370.0, 490.0, 0, 0, 0
L -673.0, -1370.0, 490.0, -679.0, -1348.0, 490.0, 0, 0, 0
L -679.0, -1348.0, 490.0, -672.0, -1322.0, 490.0, 0, 0, 0
L -672.0, -1322.0, 490.0, -688.0, -1291.0, 490.0, 0, 0, 0
L -688.0, -1291.0, 490.0, -692.0, -1264.0, 490.0, 0, 0, 0
L -692.0, -1264.0, 490.0, -722.0, -1230.0, 490.0, 0, 0, 0
L -722.0, -1230.0, 490.0, -727.0, -1196.0, 490.0, 0, 0, 0
L -727.0, -1196.0, 490.0, -755.0, -1168.0, 490.0, 0, 0, 0
L -755.0, -1168.0, 490.0, -788.0, -1169.0, 490.0, 0, 0, 0
L -788.0, -1169.0, 490.0, -828.0, -1203.0, 490.0, 0, 0, 0
L -828.0, -1203.0, 490.0, -893.0, -1203.0, 490.0, 0, 0, 0
L -893.0, -1203.0, 490.0, -902.0, -1151.0, 490.0, 255, 255, 0
L -902.0, -1151.0, 490.0, -927.0, -1112.0, 490.0, 255, 255, 0
L -927.0, -1112.0, 490.0, -905.0, -1063.0, 490.0, 255, 255, 0
L -905.0, -1063.0, 490.0, -898.0, -1036.0, 490.0, 255, 255, 0
L -269.0, 1069.0, -1.0, -203.0, 1066.0, -1.0, 0, 0, 0
L -203.0, 1066.0, -1.0, -200.0, 1015.0, -1.0, 0, 0, 0
L -200.0, 1015.0, -1.0, -179.0, 979.0, -1.0, 0, 0, 0
L -179.0, 979.0, -1.0, -177.0, 949.0, -1.0, 0, 0, 0
L -177.0, 949.0, -1.0, -153.0, 928.0, -1.0, 0, 0, 0
L -153.0, 928.0, -1.0, -127.0, 924.0, -1.0, 0, 0, 0
L -127.0, 924.0, -1.0, -91.0, 888.0, -1.0, 0, 0, 0
L -91.0, 888.0, -1.0, -56.0, 885.0, -1.0, 0, 0, 0
L -56.0, 885.0, -1.0, -32.0, 890.0, -1.0, 0, 0, 0
L -32.0, 890.0, -1.0, -3.0, 890.0, -1.0, 0, 0, 0
L -3.0, 890.0, -1.0, 32.0, 862.0, -1.0, 0, 0, 0
L 32.0, 862.0, -1.0, 68.0, 892.0, -1.0, 0, 0, 0
L 68.0, 892.0, -1.0, 98.0, 891.0, -1.0, 0, 0, 0
L 98.0, 891.0, -1.0, 118.0, 913.0, -1.0, 0, 0, 0
L 118.0, 913.0, -1.0, 120.0, 940.0, -1.0, 0, 0, 0
L 120.0, 940.0, -1.0, 144.0, 983.0, -1.0, 0, 0, 0
L 144.0, 983.0, -1.0, 204.0, 1003.0, -1.0, 0, 0, 0
L 204.0, 1003.0, -1.0, 267.0, 979.0, -1.0, 0, 0, 0
L 267.0, 979.0, -1.0, 306.0, 1002.0, -1.0, 0, 0, 0
L 306.0, 1002.0, -1.0, 341.0, 985.0, -1.0, 0, 0, 0
L 341.0, 985.0, -1.0, 368.0, 944.0, -1.0, 0, 0, 0
L 368.0, 944.0, -1.0, 371.0, 911.0, -1.0, 0, 0, 0
L 371.0, 911.0, -1.0, 392.0, 891.0, -1.0, 0, 0, 0
L 392.0, 891.0, -1.0, 422.0, 890.0, -1.0, 0, 0, 0
L 422.0, 890.0, -1.0, 453.0, 861.0, -1.0, 0, 0, 0
L 453.0, 861.0, -1.0, 487.0, 891.0, -1.0, 0, 0, 0
L 487.0, 891.0, -1.0, 519.0, 891.0, -1.0, 0, 0, 0
L 519.0, 891.0, -1.0, 549.0, 885.0, -1.0, 0, 0, 0
L 549.0, 885.0, -1.0, 584.0, 889.0, -1.0, 0, 0, 0
L 584.0, 889.0, -1.0, 615.0, 923.0, -1.0, 0, 0, 0
L 615.0, 923.0, -1.0, 646.0, 929.0, -1.0, 0, 0, 0
L 646.0, 929.0, -1.0, 666.0, 948.0, -1.0, 0, 0, 0
L 666.0, 948.0, -1.0, 668.0, 982.0, -1.0, 0, 0, 0
L 668.0, 982.0, -1.0, 689.0, 1016.0, -1.0, 0, 0, 0
L 689.0, 1016.0, -1.0, 683.0, 1043.0, -1.0, 0, 0, 0
L 683.0, 1043.0, -1.0, 690.0, 1065.0, -1.0, 0, 0, 0
L 690.0, 1065.0, -1.0, 676.0, 1093.0, -1.0, 0, 0, 0
L 676.0, 1093.0, -1.0, 695.0, 1124.0, -1.0, 0, 0, 0
L 695.0, 1124.0, -1.0, 684.0, 1152.0, -1.0, 0, 0, 0
L 684.0, 1152.0, -1.0, 682.0, 1192.0, -1.0, 0, 0, 0
L 682.0, 1192.0, -1.0, 688.0, 1217.0, -1.0, 0, 0, 0
L 688.0, 1217.0, -1.0, 667.0, 1254.0, -1.0, 0, 0, 0
L 667.0, 1254.0, -1.0, 665.0, 1288.0, -1.0, 0, 0, 0
L 665.0, 1288.0, -1.0, 644.0, 1307.0, -1.0, 0, 0, 0
L 644.0, 1307.0, -1.0, 619.0, 1310.0, -1.0, 0, 0, 0
L 619.0, 1310.0, -1.0, 582.0, 1346.0, -1.0, 0, 0, 0
L 582.0, 1346.0, -1.0, 548.0, 1349.0, -1.0, 0, 0, 0
L 548.0, 1349.0, -1.0, 521.0, 1344.0, -1.0, 0, 0, 0
L 521.0, 1344.0, -1.0, 493.0, 1344.0, -1.0, 0, 0, 0
L 493.0, 1344.0, -1.0, 456.0, 1373.0, -1.0, 0, 0, 0
L 456.0, 1373.0, -1.0, 426.0, 1347.0, -1.0, 0, 0, 0
L 426.0, 1347.0, -1.0, 391.0, 1343.0, -1.0, 0, 0, 0
L 391.0, 1343.0, -1.0, 370.0, 1321.0, -1.0, 0, 0, 0
L 370.0, 1321.0, -1.0, 370.0, 1293.0, -1.0, 0, 0, 0
L 370.0, 1293.0, -1.0, 345.0, 1252.0, -1.0, 0, 0, 0
L 345.0, 1252.0, -1.0, 309.0, 1234.0, -1.0, 0, 0, 0
L 309.0, 1234.0, -1.0, 265.0, 1256.0, -1.0, 0, 0, 0
L 265.0, 1256.0, -1.0, 208.0, 1232.0, -1.0, 0, 0, 0
L 208.0, 1232.0, -1.0, 147.0, 1250.0, -1.0, 0, 0, 0
L 147.0, 1250.0, -1.0, 119.0, 1292.0, -1.0, 0, 0, 0
L 119.0, 1292.0, -1.0, 118.0, 1324.0, -1.0, 0, 0, 0
L 118.0, 1324.0, -1.0, 97.0, 1344.0, -1.0, 0, 0, 0
L 97.0, 1344.0, -1.0, 65.0, 1345.0, -1.0, 0, 0, 0
L 65.0, 1345.0, -1.0, 36.0, 1373.0, -1.0, 0, 0, 0
L 36.0, 1373.0, -1.0, 6.0, 1348.0, -1.0, 0, 0, 0
L 6.0, 1348.0, -1.0, -29.0, 1344.0, -1.0, 0, 0, 0
L -29.0, 1344.0, -1.0, -63.0, 1350.0, -1.0, 0, 0, 0
L -63.0, 1350.0, -1.0, -90.0, 1347.0, -1.0, 0, 0, 0
L -90.0, 1347.0, -1.0, -122.0, 1313.0, -1.0, 0, 0, 0
L -122.0, 1313.0, -1.0, -154.0, 1306.0, -1.0, 0, 0, 0
L -154.0, 1306.0, -1.0, -174.0, 1285.0, -1.0, 0, 0, 0
L -174.0, 1285.0, -1.0, -178.0, 1256.0, -1.0, 0, 0, 0
L -178.0, 1256.0, -1.0, -199.0, 1217.0, -1.0, 0, 0, 0
L -199.0, 1217.0, -1.0, -192.0, 1193.0, -1.0, 0, 0, 0
L -192.0, 1193.0, -1.0, -200.0, 1173.0, -1.0, 0, 0, 0
L -200.0, 1173.0, -1.0, -267.0, 1166.0, -1.0, 0, 0, 0
L -267.0, 1166.0, -1.0, -283.0, 1151.0, -1.0, 0, 0, 0
L -283.0, 1151.0, -1.0, -284.0, 1084.0, -1.0, 0, 0, 0
L -284.0, 1084.0, -1.0, -266.0, 1069.0, -1.0, 0, 0, 0
L -248.0, 28.0, 345.0, -266.0, 28.0, 345.0, 0, 0, 0
L -266.0, 28.0, 345.0, -266.0, -28.0, 345.0, 0, 0, 0
L -266.0, -28.0, 345.0, -248.0, -28.0, 345.0, 0, 0, 0
L -248.0, -28.0, 345.0, -248.0, 28.0, 345.0, 0, 0, 0
L 423.0, 73.0, 345.0, 276.0, 73.0, 345.0, 0, 0, 0
L 276.0, 73.0, 345.0, 276.0, 34.0, 345.0, 0, 0, 0
L 276.0, 34.0, 345.0, 258.0, 34.0, 345.0, 0, 0, 0
L 258.0, 34.0, 345.0, 258.0, 186.0, 345.0, 0, 0, 0
L 258.0, 186.0, 345.0, 261.0, 188.0, 345.0, 0, 0, 0
L 258.0, 186.0, 345.0, 186.0, 258.0, 345.0, 0, 0, 0
L 261.0, 188.0, 345.0, 264.0, 188.0, 345.0, 0, 0, 0
L 261.0, 188.0, 345.0, 188.0, 261.0, 345.0, 0, 0, 0
L 264.0, 188.0, 345.0, 267.0, 186.0, 345.0, 0, 0, 0
L 267.0, 186.0, 345.0, 373.0, 186.0, 345.0, 0, 0, 0
L 373.0, 186.0, 345.0, 373.0, 304.0, 345.0, 0, 0, 0
L 373.0, 304.0, 345.0, 304.0, 373.0, 345.0, 0, 0, 0
L 304.0, 373.0, 345.0, 186.0, 373.0, 345.0, 0, 0, 0
L 186.0, 373.0, 345.0, 186.0, 267.0, 345.0, 0, 0, 0
L 186.0, 267.0, 345.0, 188.0, 264.0, 345.0, 0, 0, 0
L 188.0, 264.0, 345.0, 188.0, 261.0, 345.0, 0, 0, 0
L 188.0, 261.0, 345.0, 186.0, 258.0, 345.0, 0, 0, 0
L 186.0, 258.0, 345.0, -174.0, 258.0, 345.0, 0, 0, 0
L -174.0, 258.0, 345.0, -248.0, 184.0, 345.0, 0, 0, 0
L -248.0, 184.0, 345.0, -248.0, 126.0, 345.0, 0, 0, 0
L -248.0, 126.0, 345.0, -266.0, 126.0, 345.0, 0, 0, 0
L -266.0, 126.0, 345.0, -266.0, 228.0, 345.0, 0, 0, 0
L -266.0, 228.0, 345.0, -356.0, 228.0, 345.0, 0, 0, 0
L -356.0, 228.0, 345.0, -448.0, 136.0, 345.0, 0, 0, 0
L -448.0, 136.0, 345.0, -448.0, -136.0, 345.0, 0, 0, 0
L -448.0, -136.0, 345.0, -356.0, -228.0, 345.0, 0, 0, 0
L -356.0, -228.0, 345.0, -266.0, -228.0, 345.0, 0, 0, 0
L -266.0, -228.0, 345.0, -266.0, -126.0, 345.0, 0, 0, 0
L -266.0, -126.0, 345.0, -248.0, -126.0, 345.0, 0, 0, 0
L -248.0, -126.0, 345.0, -248.0, -179.0, 345.0, 0, 0, 0
L -248.0, -179.0, 345.0, -174.0, -253.0, 345.0, 0, 0, 0
L -174.0, -253.0, 345.0, 186.0, -253.0, 345.0, 0, 0, 0
L 182.0, -253.0, 345.0, 258.0, -174.0, 345.0, 0, 0, 0
L 186.0, -253.0, 345.0, 258.0, -181.0, 345.0, 0, 0, 0
L 186.0, -253.0, 345.0, 186.0, -368.0, 345.0, 0, 0, 0
L 186.0, -368.0, 345.0, 304.0, -368.0, 345.0, 0, 0, 0
L 304.0, -368.0, 345.0, 373.0, -299.0, 345.0, 0, 0, 0
L 373.0, -299.0, 345.0, 373.0, -181.0, 345.0, 0, 0, 0
L 373.0, -181.0, 345.0, 258.0, -181.0, 345.0, 0, 0, 0
L 258.0, -181.0, 345.0, 258.0, -34.0, 345.0, 0, 0, 0
L 258.0, -34.0, 345.0, 276.0, -34.0, 345.0, 0, 0, 0
L 276.0, -34.0, 345.0, 276.0, -73.0, 345.0, 0, 0, 0
L 276.0, -73.0, 345.0, 423.0, -73.0, 345.0, 0, 0, 0
L 423.0, -73.0, 345.0, 423.0, 73.0, 345.0, 0, 0, 0
L 276.0, -34.0, 1.0,  276.0, -73.0, 1.0,  0, 0, 0
L 276.0, -73.0, 1.0,  423.0, -73.0, 1.0,  0, 0, 0
L 423.0, -73.0, 1.0,  423.0, 73.0, 1.0,  0, 0, 0
L 423.0, 73.0, 1.0,  276.0, 73.0, 1.0,  0, 0, 0
L 276.0, 73.0, 1.0,  276.0, 34.0, 1.0,  0, 0, 0
L 276.0, 34.0, 1.0,  258.0, 34.0, 1.0,  0, 0, 0
L 258.0, 34.0, 1.0,  258.0, 186.0, 1.0,  0, 0, 0
L 258.0, 186.0, 1.0,  373.0, 186.0, 1.0,  0, 0, 0
L 373.0, 186.0, 1.0,  373.0, 304.0, 1.0,  0, 0, 0
L 373.0, 304.0, 1.0,  304.0, 373.0, 1.0,  0, 0, 0
L 304.0, 373.0, 1.0,  186.0, 373.0, 1.0,  0, 0, 0
L 186.0, 373.0, 1.0,  186.0, 258.0, 1.0,  0, 0, 0
L 186.0, 258.0, 1.0,  -169.0, 258.0, 1.0,  0, 0, 0
L -169.0, 258.0, 1.0,  -173.0, 254.0, 1.0,  0, 0, 0
L -173.0, 254.0, 1.0,  -180.0, 254.0, 1.0,  0, 0, 0
L -180.0, 254.0, 1.0,  -180.0, 261.0, 1.0,  0, 0, 0
L -180.0, 261.0, 1.0,  -176.0, 265.0, 1.0,  0, 0, 0
L -176.0, 265.0, 1.0,  -176.0, 373.0, 1.0,  0, 0, 0
L -176.0, 373.0, 1.0,  -294.0, 373.0, 1.0,  0, 0, 0
L -294.0, 373.0, 1.0,  -363.0, 304.0, 1.0,  0, 0, 0
L -363.0, 304.0, 1.0,  -363.0, 186.0, 1.0,  0, 0, 0
L -363.0, 186.0, 1.0,  -255.0, 186.0, 1.0,  0, 0, 0
L -255.0, 186.0, 1.0,  -251.0, 190.0, 1.0,  0, 0, 0
L -251.0, 190.0, 1.0,  -244.0, 190.0, 1.0,  0, 0, 0
L -244.0, 190.0, 1.0,  -244.0, 183.0, 1.0,  0, 0, 0
L -244.0, 183.0, 1.0,  -248.0, 179.0, 1.0,  0, 0, 0
L -248.0, 179.0, 1.0,  -248.0, 34.0, 1.0,  0, 0, 0
L -248.0, 34.0, 1.0,  -266.0, 34.0, 1.0,  0, 0, 0
L -266.0, 34.0, 1.0,  -266.0, 73.0, 1.0,  0, 0, 0
L -266.0, 73.0, 1.0,  -413.0, 73.0, 1.0,  0, 0, 0
L -413.0, 73.0, 1.0,  -413.0, -73.0, 1.0,  0, 0, 0
L -413.0, -73.0, 1.0,  -266.0, -73.0, 1.0,  0, 0, 0
L -266.0, -73.0, 1.0,  -266.0, -34.0, 1.0,  0, 0, 0
L -266.0, -34.0, 1.0,  -248.0, -34.0, 1.0,  0, 0, 0
L -248.0, -34.0, 1.0,  -248.0, -179.0, 1.0,  0, 0, 0
L -248.0, -179.0, 1.0,  -262.0, -181.0, 1.0,  0, 0, 0
L -262.0, -181.0, 1.0,  -338.0, -181.0, 1.0,  0, 0, 0
L -338.0, -181.0, 1.0,  -343.0, -186.0, 1.0,  0, 0, 0
L -343.0, -186.0, 1.0,  -343.0, -305.0, 1.0,  0, 0, 0
L -343.0, -305.0, 1.0,  -341.0, -318.0, 1.0,  0, 0, 0
L -341.0, -318.0, 1.0,  -313.0, -346.0, 1.0,  0, 0, 0
L -313.0, -346.0, 1.0,  -300.0, -348.0, 1.0,  0, 0, 0
L -300.0, -348.0, 1.0,  -182.0, -348.0, 1.0,  0, 0, 0
L -182.0, -348.0, 1.0,  -176.0, -343.0, 1.0,  0, 0, 0
L -176.0, -343.0, 1.0,  -176.0, -267.0, 1.0,  0, 0, 0
L -176.0, -267.0, 1.0,  -184.0, -258.0, 1.0,  0, 0, 0
L -184.0, -258.0, 1.0,  -174.0, -253.0, 1.0,  0, 0, 0
L -174.0, -253.0, 1.0,  186.0, -253.0, 1.0,  0, 0, 0
L 186.0, -253.0, 1.0,  186.0, -363.0, 1.0,  0, 0, 0
L 186.0, -363.0, 1.0,  304.0, -363.0, 1.0,  0, 0, 0
L 304.0, -363.0, 1.0,  368.0, -299.0, 1.0,  0, 0, 0
L 368.0, -299.0, 1.0,  368.0, -181.0, 1.0,  0, 0, 0
L 368.0, -181.0, 1.0,  258.0, -181.0, 1.0,  0, 0, 0
L 258.0, -181.0, 1.0,  258.0, -34.0, 1.0,  0, 0, 0
L 258.0, -34.0, 1.0,  276.0, -34.0, 1.0,  0, 0, 0
L -872.0, -1104.0, 350.0, -849.0, -1057.0, 350.0, 178, 102, 255
L -849.0, -1057.0, 350.0, -834.0, -997.0, 350.0, 178, 102, 255
L -834.0, -997.0, 350.0, -849.0, -933.0, 350.0, 178, 102, 255
L -849.0, -933.0, 350.0, -871.0, -887.0, 350.0, 178, 102, 255
L -871.0, -887.0, 350.0, -869.0, -839.0, 350.0, 178, 102, 255
L -869.0, -839.0, 350.0, -879.0, -784.0, 350.0, 178, 102, 255
L -879.0, -784.0, 350.0, -941.0, -724.0, 350.0, 178, 102, 255
L -941.0, -724.0, 350.0, -996.0, -715.0, 350.0, 178, 102, 255
L -996.0, -715.0, 350.0, -1041.0, -718.0, 350.0, 178, 102, 255
L -1041.0, -718.0, 350.0, -1085.0, -695.0, 350.0, 178, 102, 255
L -1085.0, -695.0, 350.0, -1148.0, -679.0, 350.0, 178, 102, 255
L -1148.0, -679.0, 350.0, -1217.0, -697.0, 350.0, 178, 102, 255
L -1217.0, -697.0, 350.0, -1260.0, -717.0, 350.0, 178, 102, 255
L -1260.0, -717.0, 350.0, -1300.0, -715.0, 350.0, 178, 102, 255
L -1300.0, -715.0, 350.0, -1359.0, -723.0, 350.0, 178, 102, 255
L -1359.0, -723.0, 350.0, -1421.0, -785.0, 350.0, 178, 102, 255
L -1421.0, -785.0, 350.0, -1430.0, -840.0, 350.0, 178, 102, 255
L -1430.0, -840.0, 350.0, -1428.0, -886.0, 350.0, 178, 102, 255
L -1428.0, -886.0, 350.0, -1451.0, -930.0, 350.0, 178, 102, 255
L -1451.0, -930.0, 350.0, -1466.0, -993.0, 350.0, 178, 102, 255
L -1466.0, -993.0, 350.0, -1486.0, -1015.0, 350.0, 178, 102, 255
L -1486.0, -1015.0, 350.0, -1500.0, -1011.0, 350.0, 178, 102, 255
L -1500.0, -1011.0, 350.0, -1490.0, -1026.0, 350.0, 178, 102, 255
L -1490.0, -1026.0, 350.0, -1477.0, -1026.0, 350.0, 178, 102, 255
L -1477.0, -1026.0, 350.0, -1469.0, -1028.0, 350.0, 178, 102, 255
L -1469.0, -1028.0, 350.0, -1464.0, -1028.0, 350.0, 178, 102, 255
L -1464.0, -1028.0, 350.0, -1456.0, -1030.0, 350.0, 178, 102, 255
L -1456.0, -1030.0, 350.0, -1426.0, -1055.0, 350.0, 178, 102, 255
L -872.0, -1104.0, 350.0, -849.0, -1148.0, 350.0, 178, 102, 255
L -849.0, -1148.0, 350.0, -833.0, -1216.0, 350.0, 178, 102, 255
L -833.0, -1216.0, 350.0, -849.0, -1280.0, 350.0, 178, 102, 255
L -849.0, -1280.0, 350.0, -871.0, -1328.0, 350.0, 178, 102, 255
L -871.0, -1328.0, 350.0, -869.0, -1368.0, 350.0, 178, 102, 255
L -869.0, -1368.0, 350.0, -880.0, -1427.0, 350.0, 178, 102, 255
L -880.0, -1427.0, 350.0, -939.0, -1485.0, 350.0, 178, 102, 255
L -939.0, -1485.0, 350.0, -998.0, -1495.0, 350.0, 178, 102, 255
L -998.0, -1495.0, 350.0, -1038.0, -1493.0, 350.0, 178, 102, 255
L -1038.0, -1493.0, 350.0, -1085.0, -1516.0, 350.0, 178, 102, 255
L -1085.0, -1516.0, 350.0, -1150.0, -1531.0, 350.0, 178, 102, 255
L -1150.0, -1531.0, 350.0, -1212.0, -1515.0, 350.0, 178, 102, 255
L -1212.0, -1515.0, 350.0, -1261.0, -1492.0, 350.0, 178, 102, 255
L -1261.0, -1492.0, 350.0, -1306.0, -1496.0, 350.0, 178, 102, 255
L -1306.0, -1496.0, 350.0, -1357.0, -1487.0, 350.0, 178, 102, 255
L -1357.0, -1487.0, 350.0, -1421.0, -1422.0, 350.0, 178, 102, 255
L -1421.0, -1422.0, 350.0, -1430.0, -1369.0, 350.0, 178, 102, 255
L -1430.0, -1369.0, 350.0, -1428.0, -1320.0, 350.0, 178, 102, 255
L -1428.0, -1320.0, 350.0, -1450.0, -1279.0, 350.0, 178, 102, 255
L -1450.0, -1279.0, 350.0, -1466.0, -1216.0, 350.0, 178, 102, 255
L -1466.0, -1216.0, 350.0, -1497.0, -1199.0, 350.0, 178, 102, 255
L -1497.0, -1199.0, 350.0, -1482.0, -1193.0, 350.0, 178, 102, 255
L -1482.0, -1193.0, 350.0, -1473.0, -1194.0, 350.0, 178, 102, 255
L -1473.0, -1194.0, 350.0, -1464.0, -1193.0, 350.0, 178, 102, 255
L -1464.0, -1193.0, 350.0, -1446.0, -1183.0, 350.0, 178, 102, 255
L -1446.0, -1183.0, 350.0, -1432.0, -1171.0, 350.0, 178, 102, 255
L -1432.0, -1171.0, 350.0, -1424.0, -1163.0, 350.0, 178, 102, 255
L -1424.0, -1163.0, 350.0, -1424.0, -1201.0, 350.0, 255, 0, 0
L -1424.0, -1201.0, 350.0, -1411.0, -1233.0, 350.0, 255, 0, 0
L -1411.0, -1233.0, 350.0, -1412.0, -1265.0, 350.0, 255, 0, 0
L -1412.0, -1265.0, 350.0, -1407.0, -1297.0, 350.0, 255, 0, 0
L -1407.0, -1297.0, 350.0, -1390.0, -1328.0, 350.0, 255, 0, 0
L -1390.0, -1328.0, 350.0, -1384.0, -1364.0, 350.0, 255, 0, 0
L -1384.0, -1364.0, 350.0, -1388.0, -1394.0, 350.0, 255, 0, 0
L -1388.0, -1394.0, 350.0, -1354.0, -1428.0, 350.0, 255, 0, 0
L -1354.0, -1428.0, 350.0, -1326.0, -1440.0, 350.0, 255, 0, 0
L -1326.0, -1440.0, 350.0, -1289.0, -1440.0, 350.0, 255, 0, 0
L -1289.0, -1440.0, 350.0, -1221.0, -1475.0, 350.0, 255, 0, 0
L -1221.0, -1475.0, 350.0, -1192.0, -1480.0, 350.0, 255, 0, 0
L -1192.0, -1480.0, 350.0, -1156.0, -1485.0, 350.0, 255, 0, 0
L -1156.0, -1485.0, 350.0, -1122.0, -1481.0, 350.0, 255, 0, 0
L -1122.0, -1481.0, 350.0, -1081.0, -1479.0, 350.0, 255, 0, 0
L -1081.0, -1479.0, 350.0, -1016.0, -1446.0, 350.0, 255, 0, 0
L -1016.0, -1446.0, 350.0, -978.0, -1446.0, 350.0, 255, 0, 0
L -978.0, -1446.0, 350.0, -947.0, -1430.0, 350.0, 255, 0, 0
L -947.0, -1430.0, 350.0, -919.0, -1400.0, 350.0, 255, 0, 0
L -919.0, -1400.0, 350.0, -914.0, -1335.0, 350.0, 255, 0, 0
L -914.0, -1335.0, 350.0, -897.0, -1298.0, 350.0, 255, 0, 0
L -897.0, -1298.0, 350.0, -891.0, -1273.0, 350.0, 255, 0, 0
L -891.0, -1273.0, 350.0, -878.0, -1224.0, 350.0, 255, 0, 0
L -878.0, -1224.0, 350.0, -878.0, -1196.0, 350.0, 255, 0, 0
L -878.0, -1196.0, 350.0, -880.0, -1158.0, 350.0, 255, 0, 0
L -880.0, -1158.0, 350.0, -903.0, -1126.0, 350.0, 255, 0, 0
L -903.0, -1126.0, 350.0, -898.0, -1095.0, 350.0, 255, 0, 0
L -898.0, -1095.0, 350.0, -878.0, -1059.0, 350.0, 255, 0, 0
L -878.0, -1059.0, 350.0, -869.0, -1013.0, 350.0, 255, 0, 0
L -869.0, -1013.0, 350.0, -885.0, -985.0, 350.0, 255, 0, 0
L -885.0, -985.0, 350.0, -891.0, -949.0, 350.0, 255, 0, 0
L -891.0, -949.0, 350.0, -885.0, -917.0, 350.0, 255, 0, 0
L -885.0, -917.0, 350.0, -905.0, -886.0, 350.0, 255, 0, 0
L -905.0, -886.0, 350.0, -901.0, -849.0, 350.0, 255, 0, 0
L -901.0, -849.0, 350.0, -917.0, -809.0, 350.0, 255, 0, 0
L -917.0, -809.0, 350.0, -951.0, -776.0, 350.0, 255, 0, 0
L -951.0, -776.0, 350.0, -980.0, -763.0, 350.0, 255, 0, 0
L -980.0, -763.0, 350.0, -1012.0, -766.0, 350.0, 255, 0, 0
L -1012.0, -766.0, 350.0, -1084.0, -728.0, 350.0, 255, 0, 0
L -1084.0, -728.0, 350.0, -1119.0, -731.0, 350.0, 255, 0, 0
L -1119.0, -731.0, 350.0, -1155.0, -722.0, 350.0, 255, 0, 0
L -1155.0, -722.0, 350.0, -1189.0, -731.0, 350.0, 255, 0, 0
L -1189.0, -731.0, 350.0, -1219.0, -731.0, 350.0, 255, 0, 0
L -1219.0, -731.0, 350.0, -1289.0, -769.0, 350.0, 255, 0, 0
L -1289.0, -769.0, 350.0, -1323.0, -767.0, 350.0, 255, 0, 0
L -1323.0, -767.0, 350.0, -1357.0, -784.0, 350.0, 255, 0, 0
L -1357.0, -784.0, 350.0, -1387.0, -815.0, 350.0, 255, 0, 0
L -1387.0, -815.0, 350.0, -1384.0, -842.0, 350.0, 255, 0, 0
L -1384.0, -842.0, 350.0, -1390.0, -880.0, 350.0, 255, 0, 0
L -1390.0, -880.0, 350.0, -1407.0, -913.0, 350.0, 255, 0, 0
L -1407.0, -913.0, 350.0, -1413.0, -950.0, 350.0, 255, 0, 0
L -1413.0, -950.0, 350.0, -1410.0, -972.0, 350.0, 255, 0, 0
L -1410.0, -972.0, 350.0, -1418.0, -1009.0, 350.0, 255, 0, 0
L -1418.0, -1009.0, 350.0, -1414.0, -1041.0, 350.0, 255, 0, 0
L -1414.0, -1041.0, 350.0, -1419.0, -1061.0, 350.0, 255, 0, 0
L -1419.0, -1061.0, 350.0, -1426.0, -1055.0, 350.0, 255, 0, 0
L -1426.0, -1055.0, 350.0, -1352.0, -1084.0, 350.0, 255, 0, 0
L -1352.0, -1084.0, 350.0, -1333.0, -1043.0, 350.0, 255, 0, 0
L -1333.0, -1043.0, 350.0, -1327.0, -1009.0, 350.0, 255, 0, 0
L -1327.0, -1009.0, 350.0, -1323.0, -992.0, 350.0, 255, 0, 0
L -1323.0, -992.0, 350.0, -1332.0, -960.0, 350.0, 255, 0, 0
L -1332.0, -960.0, 350.0, -1335.0, -939.0, 350.0, 255, 0, 0
L -1335.0, -939.0, 350.0, -1333.0, -915.0, 350.0, 255, 0, 0
L -1333.0, -915.0, 350.0, -1319.0, -880.0, 350.0, 255, 0, 0
L -1319.0, -880.0, 350.0, -1286.0, -857.0, 350.0, 255, 0, 0
L -1286.0, -857.0, 350.0, -1246.0, -855.0, 350.0, 255, 0, 0
L -1246.0, -855.0, 350.0, -1184.0, -830.0, 350.0, 255, 0, 0
L -1184.0, -830.0, 350.0, -1162.0, -829.0, 350.0, 255, 0, 0
L -1162.0, -829.0, 350.0, -1136.0, -824.0, 350.0, 255, 0, 0
L -1136.0, -824.0, 350.0, -1101.0, -845.0, 350.0, 255, 0, 0
L -1101.0, -845.0, 350.0, -1074.0, -850.0, 350.0, 255, 0, 0
L -1074.0, -850.0, 350.0, -1037.0, -848.0, 350.0, 255, 0, 0
L -1037.0, -848.0, 350.0, -1011.0, -885.0, 350.0, 255, 0, 0
L -1011.0, -885.0, 350.0, -1004.0, -919.0, 350.0, 255, 0, 0
L -1004.0, -919.0, 350.0, -992.0, -944.0, 350.0, 255, 0, 0
L -992.0, -944.0, 350.0, -995.0, -974.0, 350.0, 255, 0, 0
L -995.0, -974.0, 350.0, -990.0, -1027.0, 350.0, 255, 0, 0
L -990.0, -1027.0, 350.0, -1004.0, -1090.0, 350.0, 255, 0, 0
L -1004.0, -1090.0, 350.0, -1019.0, -1132.0, 350.0, 255, 0, 0
L -1019.0, -1132.0, 350.0, -1000.0, -1157.0, 350.0, 255, 0, 0
L -1000.0, -1157.0, 350.0, -1000.0, -1196.0, 350.0, 255, 0, 0
L -1000.0, -1196.0, 350.0, -985.0, -1217.0, 350.0, 255, 0, 0
L -985.0, -1217.0, 350.0, -977.0, -1241.0, 350.0, 255, 0, 0
L -977.0, -1241.0, 350.0, -993.0, -1270.0, 350.0, 255, 0, 0
L -993.0, -1270.0, 350.0, -998.0, -1293.0, 350.0, 255, 0, 0
L -998.0, -1293.0, 350.0, -1013.0, -1324.0, 350.0, 255, 0, 0
L -1013.0, -1324.0, 350.0, -1047.0, -1350.0, 350.0, 255, 0, 0
L -1047.0, -1350.0, 350.0, -1085.0, -1348.0, 350.0, 255, 0, 0
L -1085.0, -1348.0, 350.0, -1145.0, -1373.0, 350.0, 255, 0, 0
L -1145.0, -1373.0, 350.0, -1167.0, -1373.0, 350.0, 255, 0, 0
L -1167.0, -1373.0, 350.0, -1195.0, -1380.0, 350.0, 255, 0, 0
L -1195.0, -1380.0, 350.0, -1226.0, -1362.0, 350.0, 255, 0, 0
L -1226.0, -1362.0, 350.0, -1258.0, -1354.0, 350.0, 255, 0, 0
L -1258.0, -1354.0, 350.0, -1294.0, -1357.0, 350.0, 255, 0, 0
L -1294.0, -1357.0, 350.0, -1321.0, -1322.0, 350.0, 255, 0, 0
L -1321.0, -1322.0, 350.0, -1329.0, -1286.0, 350.0, 255, 0, 0
L -1329.0, -1286.0, 350.0, -1341.0, -1259.0, 350.0, 255, 0, 0
L -1341.0, -1259.0, 350.0, -1336.0, -1227.0, 350.0, 255, 0, 0
L -1336.0, -1227.0, 350.0, -1341.0, -1210.0, 350.0, 255, 0, 0
L -1341.0, -1210.0, 350.0, -1343.0, -1180.0, 350.0, 255, 0, 0
L -1343.0, -1180.0, 350.0, -1340.0, -1165.0, 350.0, 255, 0, 0
L -1340.0, -1165.0, 350.0, -1354.0, -1134.0, 350.0, 255, 0, 0
L -1424.0, -1163.0, 350.0, -1354.0, -1134.0, 350.0, 255, 0, 0
L -1354.0, -1134.0, 350.0, -1360.0, -1133.0, 368.0, 178, 102, 255
L -1360.0, -1133.0, 368.0, -1371.0, -1144.0, 368.0, 178, 102, 255
L -1371.0, -1144.0, 368.0, -1383.0, -1151.0, 368.0, 178, 102, 255
L -1383.0, -1151.0, 368.0, -1411.0, -1155.0, 368.0, 178, 102, 255
L -1411.0, -1155.0, 368.0, -1418.0, -1154.0, 368.0, 178, 102, 255
L -1418.0, -1154.0, 368.0, -1432.0, -1166.0, 368.0, 178, 102, 255
L -1432.0, -1166.0, 368.0, -1446.0, -1179.0, 368.0, 178, 102, 255
L -1446.0, -1179.0, 368.0, -1459.0, -1188.0, 368.0, 178, 102, 255
L -1459.0, -1188.0, 368.0, -1477.0, -1189.0, 368.0, 178, 102, 255
L -1477.0, -1189.0, 368.0, -1497.0, -1193.0, 368.0, 178, 102, 255
L -1497.0, -1193.0, 368.0, -1510.0, -1192.0, 368.0, 178, 102, 255
L -1510.0, -1192.0, 368.0, -1548.0, -1185.0, 368.0, 178, 102, 255
L -1548.0, -1185.0, 368.0, -1611.0, -1198.0, 368.0, 178, 102, 255
L -1611.0, -1198.0, 368.0, -1674.0, -1136.0, 368.0, 178, 102, 255
L -1674.0, -1136.0, 368.0, -1663.0, -1097.0, 368.0, 178, 102, 255
L -1663.0, -1097.0, 368.0, -1674.0, -1073.0, 368.0, 178, 102, 255
L -1674.0, -1073.0, 368.0, -1613.0, -1013.0, 368.0, 178, 102, 255
L -1613.0, -1013.0, 368.0, -1548.0, -1024.0, 368.0, 178, 102, 255
L -1548.0, -1024.0, 368.0, -1510.0, -1015.0, 368.0, 178, 102, 255
L -1510.0, -1015.0, 368.0, -1500.0, -1018.0, 368.0, 178, 102, 255
L -1500.0, -1018.0, 368.0, -1489.0, -1030.0, 368.0, 178, 102, 255
L -1489.0, -1030.0, 368.0, -1471.0, -1032.0, 368.0, 178, 102, 255
L -1471.0, -1032.0, 368.0, -1446.0, -1043.0, 368.0, 178, 102, 255
L -1446.0, -1043.0, 368.0, -1418.0, -1066.0, 368.0, 178, 102, 255
L -1418.0, -1066.0, 368.0, -1407.0, -1065.0, 368.0, 178, 102, 255
L -1407.0, -1065.0, 368.0, -1390.0, -1068.0, 368.0, 178, 102, 255
L -1390.0, -1068.0, 368.0, -1380.0, -1072.0, 368.0, 178, 102, 255
L -1380.0, -1072.0, 368.0, -1368.0, -1081.0, 368.0, 178, 102, 255
L -1368.0, -1081.0, 368.0, -1362.0, -1087.0, 368.0, 178, 102, 255
L -1362.0, -1087.0, 368.0, -1350.0, -1090.0, 368.0, 178, 102, 255
L -1350.0, -1090.0, 368.0, -1352.0, -1084.0, 350.0, 178, 102, 255
L -1424.0, -1163.0, 350.0, -1418.0, -1154.0, 368.0, 178, 102, 255
L -1426.0, -1055.0, 350.0, -1418.0, -1066.0, 368.0, 178, 102, 255
